{
  "accessors": [
    {
      "bufferView": 2,
      "componentType": 5126,
      "count": 277,
      "max": [
        55.93252944946289,
        47.79808807373047,
        31.093555450439453
      ],
      "min": [
        -56.64678192138672,
        -9.316925048828125,
        3.924384117126465
      ],
      "type": "VEC3"
    },
    {
      "bufferView": 2,
      "byteOffset": 3324,
      "componentType": 5126,
      "count": 277,
      "max": [
        0.9320273399353027,
        0.9984478950500488,
        1.0
      ],
      "min": [
        -0.9999958872795105,
        -0.9992265105247498,
        -0.9999011754989624
      ],
      "type": "VEC3"
    },
    {
      "bufferView": 3,
      "componentType": 5126,
      "count": 277,
      "max": [
        0.9992340803146362,
        0.9999920725822449,
        0.9996999502182007,
        1.0
      ],
      "min": [
        -1.0,
        -0.9999960064888,
        -0.9999884366989136,
        -1.0
      ],
      "type": "VEC4"
    },
    {
      "bufferView": 1,
      "componentType": 5126,
      "count": 277,
      "max": [
        0.9997975826263428,
        0.9967200756072998
      ],
      "min": [
        0.0001570788153912872,
        0.00020508747547864914
      ],
      "type": "VEC2"
    },
    {
      "bufferView": 0,
      "componentType": 5125,
      "count": 744,
      "type": "SCALAR"
    }
  ],
  "asset": {
    "extras": {
      "author": "Nikitos & 3130 (https://sketchfab.com/vrcityphoto)",
      "license": "CC-BY-4.0 (http://creativecommons.org/licenses/by/4.0/)",
      "source": "https://sketchfab.com/3d-models/hills-ingrad-2401ea66f7ad45e0b1699da0eeb6f440",
      "title": "HILLS INGRAD"
    },
    "generator": "Sketchfab-10.46.0",
    "version": "2.0"
  },
  "bufferViews": [
    {
      "buffer": 0,
      "byteLength": 2976,
      "name": "floatBufferViews",
      "target": 34963
    },
    {
      "buffer": 0,
      "byteLength": 2216,
      "byteOffset": 2976,
      "byteStride": 8,
      "name": "floatBufferViews",
      "target": 34962
    },
    {
      "buffer": 0,
      "byteLength": 6648,
      "byteOffset": 5192,
      "byteStride": 12,
      "name": "floatBufferViews",
      "target": 34962
    },
    {
      "buffer": 0,
      "byteLength": 4432,
      "byteOffset": 11840,
      "byteStride": 16,
      "name": "floatBufferViews",
      "target": 34962
    }
  ],
  "buffers": [
    {
      "byteLength": 16272,
      "uri": "scene.bin"
    }
  ],
  "images": [
    {
      "uri": "textures/material0_baseColor.jpeg"
    },
    {
      "uri": "textures/material0_normal.jpeg"
    }
  ],
  "materials": [
    {
      "doubleSided": true,
      "name": "material0",
      "normalTexture": {
        "index": 1,
        "scale": 0.6218877113620196
      },
      "pbrMetallicRoughness": {
        "baseColorTexture": {
          "index": 0
        },
        "metallicFactor": 0.0,
        "roughnessFactor": 0.9577051495
      }
    }
  ],
  "meshes": [
    {
      "name": "Model_material0_0",
      "primitives": [
        {
          "attributes": {
            "NORMAL": 1,
            "POSITION": 0,
            "TANGENT": 2,
            "TEXCOORD_0": 3
          },
          "indices": 4,
          "material": 0,
          "mode": 4
        }
      ]
    }
  ],
  "nodes": [
    {
      "children": [
        1
      ],
      "matrix": [
        -1.0,
        0.0,
        0.0,
        0.0,
        0.0,
        2.220446049250313e-16,
        -1.0,
        0.0,
        0.0,
        -1.0,
        -2.220446049250313e-16,
        0.0,
        0.44934844970703125,
        -32.49007034301758,
        -7.214244833301815e-15,
        1.0
      ],
      "name": "Sketchfab_model"
    },
    {
      "children": [
        2
      ],
      "matrix": [
        1.0,
        0.0,
        0.0,
        0.0,
        0.0,
        -1.0,
        0.0,
        0.0,
        0.0,
        0.0,
        -1.0,
        0.0,
        0.0,
        0.0,
        0.0,
        1.0
      ],
      "name": "8e15c68718d7426dba28c65c0af42c7b.fbx"
    },
    {
      "children": [
        3,
        5,
        7,
        9,
        11,
        13,
        15,
        17,
        19,
        21,
        23,
        25,
        27,
        29,
        31,
        33,
        35,
        37,
        39,
        41,
        43,
        45,
        47,
        49,
        51,
        53,
        55,
        57,
        59,
        61,
        63,
        65,
        67,
        69,
        71,
        73,
        75,
        77,
        79,
        81,
        83,
        85,
        87,
        89,
        91,
        93,
        95,
        97,
        99,
        101,
        103,
        105,
        107,
        109,
        111,
        113,
        115,
        117,
        119,
        121,
        123,
        125,
        127,
        129,
        131,
        133,
        135,
        137,
        139,
        141,
        143,
        145,
        147,
        149,
        151,
        153,
        155,
        157,
        159,
        161,
        163,
        165,
        167,
        169,
        171,
        173,
        175,
        177,
        179,
        181,
        183,
        185,
        187,
        189,
        191,
        193,
        195,
        197,
        199,
        201,
        203,
        205,
        207,
        209,
        211,
        213,
        215,
        217,
        219,
        221,
        223,
        225,
        227,
        229,
        231,
        233,
        235,
        237,
        239,
        241,
        243,
        245,
        247,
        249,
        251,
        253,
        255,
        257,
        259,
        261,
        263,
        265
      ],
      "name": "RootNode"
    },
    {
      "children": [
        4
      ],
      "name": "Model"
    },
    {
      "mesh": 0,
      "name": "Model_material0_0"
    },
    {
      "children": [
        6
      ],
      "matrix": [
        0.7968963694936289,
        0.42239243325240966,
        -0.43190370294659713,
        0.0,
        0.39627501416613736,
        0.1741421088484275,
        0.9014658280120496,
        0.0,
        0.455984966238473,
        -0.8895274915689402,
        -0.028610353153491586,
        0.0,
        -70.31751251220703,
        -7.654528617858887,
        33.20404052734375,
        1.0
      ],
      "name": "HI (1)"
    },
    {
      "name": "Object_6"
    },
    {
      "children": [
        8
      ],
      "matrix": [
        0.7759263156904603,
        0.44507519665799733,
        -0.4470418570322841,
        0.0,
        0.40619846147256533,
        0.18968101798678394,
        0.8938813798893107,
        0.0,
        0.48263978546774294,
        -0.87517380030217,
        -0.03361036667917672,
        0.0,
        -70.5641098022461,
        -9.521134376525879,
        33.074466705322266,
        1.0
      ],
      "name": "HI (2)"
    },
    {
      "name": "Object_8"
    },
    {
      "children": [
        10
      ],
      "matrix": [
        0.7093161052490502,
        0.554474039889577,
        -0.43523465156493457,
        0.0,
        0.3664492398392549,
        0.23739253064946697,
        0.8996442302449752,
        0.0,
        0.602150826168619,
        -0.7976235487248189,
        -0.034800245172640576,
        0.0,
        -67.5882797241211,
        -14.374917984008789,
        33.24718475341797,
        1.0
      ],
      "name": "HI (3)"
    },
    {
      "name": "Object_10"
    },
    {
      "children": [
        12
      ],
      "matrix": [
        0.6281680050962068,
        0.6102601180229951,
        -0.48268783465508214,
        0.0,
        0.3585160300918121,
        0.3235662365801171,
        0.8756546960489544,
        0.0,
        0.6905586242605756,
        -0.7231095898243503,
        -0.015534077487945552,
        0.0,
        -59.91702651977539,
        -14.202498435974121,
        32.3228759765625,
        1.0
      ],
      "name": "HI (4)"
    },
    {
      "name": "Object_12"
    },
    {
      "children": [
        14
      ],
      "matrix": [
        0.5988501473507604,
        0.63002981778162,
        -0.4944096780242384,
        0.0,
        0.35177777725902093,
        0.3476688956888421,
        0.8691252696805011,
        0.0,
        0.7194657020627704,
        -0.6943981334051522,
        -0.013428919493585045,
        0.0,
        -56.67200469970703,
        -14.729248046875,
        32.22317886352539,
        1.0
      ],
      "name": "HI (5)"
    },
    {
      "name": "Object_14"
    },
    {
      "children": [
        16
      ],
      "matrix": [
        0.47915917929017193,
        0.703132034232931,
        -0.5253682740111257,
        0.0,
        0.2732856512662543,
        0.4492900710490225,
        0.8505606297429618,
        0.0,
        0.8340991749869725,
        -0.551129544201928,
        0.02312556580555991,
        0.0,
        -47.56195068359375,
        -16.490121841430664,
        34.04586410522461,
        1.0
      ],
      "name": "HI (6)"
    },
    {
      "name": "Object_16"
    },
    {
      "children": [
        18
      ],
      "matrix": [
        0.4631364849676822,
        0.7144061567771418,
        -0.5245268720005619,
        0.0,
        0.25358628153065554,
        0.4602680189027516,
        0.8507921888421353,
        0.0,
        0.8492341220836778,
        -0.5270457228118357,
        0.032003311617937125,
        0.0,
        -46.68665313720703,
        -16.78078842163086,
        34.14600372314453,
        1.0
      ],
      "name": "HI (7)"
    },
    {
      "name": "Object_18"
    },
    {
      "children": [
        20
      ],
      "matrix": [
        0.3769657299797745,
        0.7558823056355388,
        -0.5352931705597574,
        0.0,
        0.20871272209138886,
        0.4937430284614842,
        0.8441900387252177,
        0.0,
        0.9024055840130969,
        -0.4299532089341629,
        0.028361947556499567,
        0.0,
        -43.268150329589844,
        -18.10773277282715,
        33.981624603271484,
        1.0
      ],
      "name": "HI (8)"
    },
    {
      "name": "Object_20"
    },
    {
      "children": [
        22
      ],
      "matrix": [
        0.3434401484878967,
        0.7727195409860317,
        -0.5338102428625251,
        0.0,
        0.1917783096576619,
        0.498705683757378,
        0.8452891345172585,
        0.0,
        0.9193856341881035,
        -0.3926794519279341,
        0.023084706671646416,
        0.0,
        -41.5352668762207,
        -18.507707595825195,
        33.93519592285156,
        1.0
      ],
      "name": "HI (9)"
    },
    {
      "name": "Object_22"
    },
    {
      "children": [
        24
      ],
      "matrix": [
        0.3227092005761141,
        0.7749632419724664,
        -0.5434066115304912,
        0.0,
        0.18026764773589032,
        0.5132907083137622,
        0.8390686646148366,
        0.0,
        0.9291729371022892,
        -0.36873380961105395,
        0.025942833430925405,
        0.0,
        -40.699398040771484,
        -16.584348678588867,
        33.982505798339844,
        1.0
      ],
      "name": "HI (10)"
    },
    {
      "name": "Object_24"
    },
    {
      "children": [
        26
      ],
      "matrix": [
        0.3119174272578604,
        0.7695992251936111,
        -0.5571575640285527,
        0.0,
        0.15707337145963163,
        0.5365754757868682,
        0.8291047670604726,
        0.0,
        0.9370354713409423,
        -0.34612684288493056,
        0.04648369696322152,
        0.0,
        -39.29971694946289,
        -14.552790641784668,
        33.3134880065918,
        1.0
      ],
      "name": "HI (11)"
    },
    {
      "name": "Object_26"
    },
    {
      "children": [
        28
      ],
      "matrix": [
        0.30286850400692134,
        0.7678826030201857,
        -0.564470528247094,
        0.0,
        0.1501977179053992,
        0.5464282365831599,
        0.8239276835988876,
        0.0,
        0.9411223697355301,
        -0.33432393010905176,
        0.0501616879681922,
        0.0,
        -37.70935821533203,
        -13.404707908630371,
        33.45813751220703,
        1.0
      ],
      "name": "HI (12)"
    },
    {
      "name": "Object_28"
    },
    {
      "children": [
        30
      ],
      "matrix": [
        0.30571975246274685,
        0.7812150438817003,
        -0.5442779512041893,
        0.0,
        0.16674511977554446,
        0.5188827891948027,
        0.8384251404320253,
        0.0,
        0.9374067942921878,
        -0.3470788185561531,
        0.028368921807303327,
        0.0,
        -34.10835647583008,
        -13.760619163513184,
        34.8032341003418,
        1.0
      ],
      "name": "HI (13)"
    },
    {
      "name": "Object_30"
    },
    {
      "children": [
        32
      ],
      "matrix": [
        0.2768404044800571,
        0.7876708761564823,
        -0.5503943870554986,
        0.0,
        0.15749833499831328,
        0.527840288473923,
        0.8346130266995148,
        0.0,
        0.9479207060298227,
        -0.31774080744947664,
        0.022070667440682312,
        0.0,
        -32.83980178833008,
        -13.756278038024902,
        34.68452835083008,
        1.0
      ],
      "name": "HI (14)"
    },
    {
      "name": "Object_32"
    },
    {
      "children": [
        34
      ],
      "matrix": [
        0.1955328060830197,
        0.7897950860808685,
        -0.5813696274727582,
        0.0,
        0.09551501241651827,
        0.5746574074844113,
        0.8128011727515947,
        0.0,
        0.9760347351136498,
        -0.2144588212823358,
        0.03692708796830102,
        0.0,
        -26.98402976989746,
        -13.573413848876953,
        34.412025451660156,
        1.0
      ],
      "name": "HI (15)"
    },
    {
      "name": "Object_34"
    },
    {
      "children": [
        36
      ],
      "matrix": [
        0.1715687299972013,
        0.7848905184959589,
        -0.5954083009685809,
        0.0,
        0.08549034554823404,
        0.5902284619399308,
        0.8026965575695881,
        0.0,
        0.9814558429726683,
        -0.18861929034743058,
        0.03416418597948323,
        0.0,
        -23.951278686523438,
        -14.402589797973633,
        34.31404113769531,
        1.0
      ],
      "name": "HI (16)"
    },
    {
      "name": "Object_36"
    },
    {
      "children": [
        38
      ],
      "matrix": [
        0.15832569674344732,
        0.7907900638286525,
        -0.5912563307911197,
        0.0,
        0.07273056303131104,
        0.5878422731680472,
        0.805699526546821,
        0.0,
        0.9847046455419263,
        -0.17056534474065632,
        0.03555593089275866,
        0.0,
        -23.09514617919922,
        -15.251424789428711,
        34.417781829833984,
        1.0
      ],
      "name": "HI (17)"
    },
    {
      "name": "Object_38"
    },
    {
      "children": [
        40
      ],
      "matrix": [
        0.13834530984528848,
        0.7969991042656388,
        -0.5879226165436915,
        0.0,
        0.056851030320013984,
        0.5862613217163379,
        0.8081247570833141,
        0.0,
        0.9887509977721205,
        -0.14522427641128693,
        0.035796283961525344,
        0.0,
        -22.214340209960938,
        -16.12407112121582,
        34.45283889770508,
        1.0
      ],
      "name": "HI (18)"
    },
    {
      "name": "Object_40"
    },
    {
      "children": [
        42
      ],
      "matrix": [
        0.10409689290012358,
        0.8182794667529882,
        -0.5653163284206337,
        0.0,
        0.037211924409114194,
        0.5648019363835479,
        0.8243870725206487,
        0.0,
        0.9938707710614649,
        -0.10685264127685512,
        0.028344373019158153,
        0.0,
        -20.508834838867188,
        -16.463985443115234,
        34.61894989013672,
        1.0
      ],
      "name": "HI (19)"
    },
    {
      "name": "Object_42"
    },
    {
      "children": [
        44
      ],
      "matrix": [
        0.11761006243038119,
        0.8108215865341825,
        -0.5733552372005623,
        0.0,
        0.04751548801275107,
        0.5721062655145852,
        0.8188019903235855,
        0.0,
        0.9919224524195588,
        -0.1235426071003286,
        0.028758870228537847,
        0.0,
        -14.420201301574707,
        -13.681479454040527,
        34.78203582763672,
        1.0
      ],
      "name": "HI (20)"
    },
    {
      "name": "Object_44"
    },
    {
      "children": [
        46
      ],
      "matrix": [
        0.08137826883605814,
        0.8059418199996609,
        -0.5863747608286705,
        0.0,
        0.025411241267415174,
        0.5864570849224321,
        0.809581593393484,
        0.0,
        0.9963592957254404,
        -0.08078285907243948,
        0.027244880282117467,
        0.0,
        -10.483586311340332,
        -12.375578880310059,
        34.62298583984375,
        1.0
      ],
      "name": "HI (21)"
    },
    {
      "name": "Object_46"
    },
    {
      "children": [
        48
      ],
      "matrix": [
        0.07430128761881405,
        0.8046226763632289,
        -0.5891193999014637,
        0.0,
        0.026835816933068524,
        0.5889251241349341,
        0.8077419371879778,
        0.0,
        0.9968746950282774,
        -0.07582576636425675,
        0.022165188191216267,
        0.0,
        -7.820058345794678,
        -13.866203308105469,
        34.20083236694336,
        1.0
      ],
      "name": "HI (22)"
    },
    {
      "name": "Object_48"
    },
    {
      "children": [
        50
      ],
      "matrix": [
        -0.007897383870766994,
        0.8187299679433524,
        -0.5741244385318176,
        0.0,
        -0.06494444576059377,
        0.5725102390073091,
        0.817321384277105,
        0.0,
        0.9978576302723987,
        0.043740894175483935,
        0.04865063086828447,
        0.0,
        0.005556979216635227,
        -17.06620216369629,
        34.40425109863281,
        1.0
      ],
      "name": "HI (23)"
    },
    {
      "name": "Object_50"
    },
    {
      "children": [
        52
      ],
      "matrix": [
        -0.022146094180584885,
        0.8195527469091187,
        -0.5725756243032555,
        0.0,
        -0.06536326440855977,
        0.5703038326177181,
        0.8188291532226968,
        0.0,
        0.997615754776558,
        0.05555927947030831,
        0.04093864050428164,
        0.0,
        0.5292485952377319,
        -17.164583206176758,
        34.45194625854492,
        1.0
      ],
      "name": "HI (24)"
    },
    {
      "name": "Object_52"
    },
    {
      "children": [
        54
      ],
      "matrix": [
        -0.05916786807898444,
        0.8222111261309181,
        -0.5660989555312,
        0.0,
        -0.06985119177709054,
        0.5622923428071289,
        0.8239830897705307,
        0.0,
        0.9958011721193686,
        0.08829600946247718,
        0.024162787891592874,
        0.0,
        1.7693712711334229,
        -17.472461700439453,
        34.474609375,
        1.0
      ],
      "name": "HI (25)"
    },
    {
      "name": "Object_54"
    },
    {
      "children": [
        56
      ],
      "matrix": [
        -0.06067314008387936,
        0.8230234899181046,
        -0.5647575631325226,
        0.0,
        -0.053960208786448416,
        0.5622680922311422,
        0.8251926371014677,
        0.0,
        0.9966980816376063,
        0.08054146448739996,
        0.01029594862749672,
        0.0,
        6.236848831176758,
        -18.41178321838379,
        34.29355239868164,
        1.0
      ],
      "name": "HI (26)"
    },
    {
      "name": "Object_56"
    },
    {
      "children": [
        58
      ],
      "matrix": [
        -0.0630356748900307,
        0.8316454608995386,
        -0.5517176189468236,
        0.0,
        -0.030259854515561013,
        0.5509702055283852,
        0.8339761230543151,
        0.0,
        0.9975524271414788,
        0.06926514264190264,
        -0.00956530809443401,
        0.0,
        9.029548645019531,
        -18.826946258544922,
        34.512577056884766,
        1.0
      ],
      "name": "HI (27)"
    },
    {
      "name": "Object_58"
    },
    {
      "children": [
        60
      ],
      "matrix": [
        -0.010114561163183655,
        0.8166333836883841,
        -0.5770681175547099,
        0.0,
        -0.045360597607927045,
        0.5761288463973202,
        0.8160992393903725,
        0.0,
        0.9989194721483448,
        0.03443064034480464,
        0.031215687855928653,
        0.0,
        15.436622619628906,
        -14.976090431213379,
        37.687496185302734,
        1.0
      ],
      "name": "HI (28)"
    },
    {
      "name": "Object_60"
    },
    {
      "children": [
        62
      ],
      "matrix": [
        -0.08104927250647043,
        0.8027079359618344,
        -0.5908392209138318,
        0.0,
        -0.08603353648894574,
        0.5849427023247646,
        0.8064987697425254,
        0.0,
        0.9929900533365768,
        0.11619812623658526,
        0.021650622017147625,
        0.0,
        23.22042465209961,
        -15.739967346191406,
        37.425228118896484,
        1.0
      ],
      "name": "HI (29)"
    },
    {
      "name": "Object_62"
    },
    {
      "children": [
        64
      ],
      "matrix": [
        -0.10346740037746627,
        0.7984303087185898,
        -0.5931302885358889,
        0.0,
        -0.11912360578701481,
        0.5820910841966556,
        0.8043503815148358,
        0.0,
        0.9874735761545366,
        0.15387986163985068,
        0.034884446079469056,
        0.0,
        25.64410972595215,
        -16.84363555908203,
        37.38902282714844,
        1.0
      ],
      "name": "HI (30)"
    },
    {
      "name": "Object_64"
    },
    {
      "children": [
        66
      ],
      "matrix": [
        -0.13182622865087135,
        0.7895791333997897,
        -0.5993218146699862,
        0.0,
        -0.14058323701110786,
        0.5835954481703008,
        0.7997829120119937,
        0.0,
        0.9812533816049588,
        0.18968696574763072,
        0.03406840345966189,
        0.0,
        27.488971710205078,
        -17.83476448059082,
        37.212371826171875,
        1.0
      ],
      "name": "HI (31)"
    },
    {
      "name": "Object_66"
    },
    {
      "children": [
        68
      ],
      "matrix": [
        -0.1684390535980067,
        0.7838034942877774,
        -0.5977293430686481,
        0.0,
        -0.15768941953706378,
        0.5771571788554273,
        0.8012637754583121,
        0.0,
        0.9730171284150508,
        0.2292197051693295,
        0.026381709061658376,
        0.0,
        29.02423095703125,
        -18.794910430908203,
        37.0155029296875,
        1.0
      ],
      "name": "HI (32)"
    },
    {
      "name": "Object_68"
    },
    {
      "children": [
        70
      ],
      "matrix": [
        -0.19333527095174685,
        0.781259907803124,
        -0.5935102606235789,
        0.0,
        -0.16212780155794093,
        0.571167793131187,
        0.8046626175308744,
        0.0,
        0.9676445881458766,
        0.25179417894205497,
        0.016237071253550894,
        0.0,
        30.27305793762207,
        -19.49757957458496,
        36.84322738647461,
        1.0
      ],
      "name": "HI (33)"
    },
    {
      "name": "Object_70"
    },
    {
      "children": [
        72
      ],
      "matrix": [
        -0.2142800155361675,
        0.7777681908607004,
        -0.590898228316089,
        0.0,
        -0.15436141580222829,
        0.570384041333645,
        0.8067432049316748,
        0.0,
        0.9644981224726937,
        0.26408083360435664,
        -0.00216450213135988,
        0.0,
        32.13010025024414,
        -20.027477264404297,
        36.88361358642578,
        1.0
      ],
      "name": "HI (34)"
    },
    {
      "name": "Object_72"
    },
    {
      "children": [
        74
      ],
      "matrix": [
        -0.2076562565861364,
        0.7834588532410158,
        -0.5857227197052419,
        0.0,
        -0.1524662201783079,
        0.5655344492244543,
        0.8105089996076126,
        0.0,
        0.9662468270608564,
        0.2576101939339078,
        0.002014243322436604,
        0.0,
        35.64243698120117,
        -17.598770141601563,
        37.26278305053711,
        1.0
      ],
      "name": "HI (35)"
    },
    {
      "name": "Object_74"
    },
    {
      "children": [
        76
      ],
      "matrix": [
        -0.24920520483137798,
        0.7726498947621822,
        -0.5838740497820913,
        0.0,
        -0.1876788310599513,
        0.5529354643595088,
        0.8118121880247333,
        0.0,
        0.9500912704876945,
        0.3118886217506554,
        0.007215633413316214,
        0.0,
        36.72995376586914,
        -16.382953643798828,
        36.96127700805664,
        1.0
      ],
      "name": "HI (36)"
    },
    {
      "name": "Object_76"
    },
    {
      "children": [
        78
      ],
      "matrix": [
        -0.42653246260361066,
        0.6920134484402994,
        -0.5823980129800106,
        0.0,
        -0.31574619845767027,
        0.4894755644018951,
        0.8128456249577627,
        0.0,
        0.8475697000865645,
        0.5305950047175447,
        0.009723397757974928,
        0.0,
        40.62424850463867,
        -14.936858177185059,
        36.59819030761719,
        1.0
      ],
      "name": "HI (37)"
    },
    {
      "name": "Object_78"
    },
    {
      "children": [
        80
      ],
      "matrix": [
        -0.4406512657874071,
        0.6875105882370325,
        -0.5771963730152203,
        0.0,
        -0.3297666053052344,
        0.47405420120361896,
        0.8164108036685089,
        0.0,
        0.8349134374205613,
        0.5500925425627659,
        0.01782544898211813,
        0.0,
        41.34489440917969,
        -14.93837833404541,
        36.63310623168945,
        1.0
      ],
      "name": "HI (38)"
    },
    {
      "name": "Object_80"
    },
    {
      "children": [
        82
      ],
      "matrix": [
        -0.48984357239817666,
        0.6246254307280662,
        -0.6081910438899691,
        0.0,
        -0.4177529691108531,
        0.4441403092206925,
        0.7926044678932957,
        0.0,
        0.7652030654533861,
        0.6423258184232714,
        0.04337985255410015,
        0.0,
        45.3525505065918,
        -14.81188678741455,
        36.14799499511719,
        1.0
      ],
      "name": "HI (39)"
    },
    {
      "name": "Object_82"
    },
    {
      "children": [
        84
      ],
      "matrix": [
        -0.5098175841694692,
        0.6082233115828313,
        -0.6083998965473455,
        0.0,
        -0.4267076535861816,
        0.43529937362726145,
        0.7927389442248244,
        0.0,
        0.7469983997590502,
        0.6637611457195488,
        0.037610267088793226,
        0.0,
        46.511474609375,
        -14.734140396118164,
        36.08286666870117,
        1.0
      ],
      "name": "HI (40)"
    },
    {
      "name": "Object_84"
    },
    {
      "children": [
        86
      ],
      "matrix": [
        -0.5274376845433859,
        0.5957539835287828,
        -0.6057117136337209,
        0.0,
        -0.43576164947312285,
        0.422323267828039,
        0.7948300713356974,
        0.0,
        0.7293293314902227,
        0.6831692678689764,
        0.036857532030668994,
        0.0,
        47.765838623046875,
        -14.761785507202148,
        36.11847686767578,
        1.0
      ],
      "name": "HI (41)"
    },
    {
      "name": "Object_86"
    },
    {
      "children": [
        88
      ],
      "matrix": [
        -0.5429037806481936,
        0.5849557346523913,
        -0.6025630867014504,
        0.0,
        -0.4387013969895537,
        0.414280875342553,
        0.7974411831632614,
        0.0,
        0.7160981561471251,
        0.6972791010941669,
        0.031706244495339764,
        0.0,
        48.86452865600586,
        -14.935548782348633,
        36.149208068847656,
        1.0
      ],
      "name": "HI (42)"
    },
    {
      "name": "Object_88"
    },
    {
      "children": [
        90
      ],
      "matrix": [
        -0.5495138625377782,
        0.5823399054980447,
        -0.5990949418442291,
        0.0,
        -0.43823242378845784,
        0.4096024725198407,
        0.800111340530883,
        0.0,
        0.7113275318861947,
        0.7022151016392068,
        0.030117991475747785,
        0.0,
        49.821388244628906,
        -15.126025199890137,
        36.17802047729492,
        1.0
      ],
      "name": "HI (43)"
    },
    {
      "name": "Object_90"
    },
    {
      "children": [
        92
      ],
      "matrix": [
        -0.566015077238657,
        0.5741350609152853,
        -0.5916044828822031,
        0.0,
        -0.4430904661877844,
        0.3932900117873116,
        0.8056015177504499,
        0.0,
        0.6951962105132687,
        0.7181169114121586,
        0.03178569539671816,
        0.0,
        53.0948486328125,
        -15.62700080871582,
        36.14948272705078,
        1.0
      ],
      "name": "HI (44)"
    },
    {
      "name": "Object_92"
    },
    {
      "children": [
        94
      ],
      "matrix": [
        -0.578317068594782,
        0.5717034115271511,
        -0.5819833136956377,
        0.0,
        -0.43815685559111106,
        0.38409358828685003,
        0.8127057803014827,
        0.0,
        0.688162726446622,
        0.7250016032293644,
        0.028367891081345298,
        0.0,
        54.0924072265625,
        -15.605000495910645,
        35.963592529296875,
        1.0
      ],
      "name": "HI (45)"
    },
    {
      "name": "Object_94"
    },
    {
      "children": [
        96
      ],
      "matrix": [
        -0.650848559970449,
        0.5704248024457351,
        -0.5010106752746266,
        0.0,
        -0.4158329894274815,
        0.2842832524347986,
        0.8638668631733115,
        0.0,
        0.6352000290366786,
        0.7705832707370677,
        0.05217610537368622,
        0.0,
        59.071754455566406,
        -13.707666397094727,
        36.02602005004883,
        1.0
      ],
      "name": "HI (46)"
    },
    {
      "name": "Object_96"
    },
    {
      "children": [
        98
      ],
      "matrix": [
        -0.6748299213045046,
        0.5143825876587045,
        -0.5291645593061683,
        0.0,
        -0.4696002019704099,
        0.25382647007641335,
        0.8456049747949086,
        0.0,
        0.5692804472503042,
        0.8191353225213054,
        0.07026447022792337,
        0.0,
        60.949241638183594,
        -11.125473976135254,
        35.78114700317383,
        1.0
      ],
      "name": "HI (47)"
    },
    {
      "name": "Object_98"
    },
    {
      "children": [
        100
      ],
      "matrix": [
        -0.7414596209621229,
        0.44155975929130253,
        -0.5052352021161152,
        0.0,
        -0.45961908601080104,
        0.21435914266663536,
        0.8618587202841432,
        0.0,
        0.488863913842391,
        0.8712491818818724,
        0.04401064431324875,
        0.0,
        63.88843536376953,
        -10.025213241577148,
        36.42193603515625,
        1.0
      ],
      "name": "HI (48)"
    },
    {
      "name": "Object_100"
    },
    {
      "children": [
        102
      ],
      "matrix": [
        -0.761768771782656,
        0.41448709105875364,
        -0.4979043981352206,
        0.0,
        -0.46434740133609004,
        0.18660626408282588,
        0.865771097390916,
        0.0,
        0.45176302328672713,
        0.8907179988922999,
        0.05031517902316318,
        0.0,
        66.03298950195313,
        -9.437496185302734,
        36.82621383666992,
        1.0
      ],
      "name": "HI (49)"
    },
    {
      "name": "Object_102"
    },
    {
      "children": [
        104
      ],
      "matrix": [
        -0.7841112204067922,
        0.3569964978625433,
        -0.5076643522506287,
        0.0,
        -0.496132752240965,
        0.13086691399749528,
        0.8583275266322161,
        0.0,
        0.3728563881522972,
        0.9248931567130614,
        0.07450343937948245,
        0.0,
        70.43363952636719,
        -8.04289436340332,
        36.747615814208984,
        1.0
      ],
      "name": "HI (50)"
    },
    {
      "name": "Object_104"
    },
    {
      "children": [
        106
      ],
      "matrix": [
        -0.7914968910049234,
        0.3469867479939006,
        -0.5031231144025861,
        0.0,
        -0.49416786870897256,
        0.12105599117793253,
        0.8608969534941798,
        0.0,
        0.35962590154933516,
        0.9300245393087999,
        0.07565426107155027,
        0.0,
        71.36241912841797,
        -7.667851448059082,
        36.79150390625,
        1.0
      ],
      "name": "HI (51)"
    },
    {
      "name": "Object_106"
    },
    {
      "children": [
        108
      ],
      "matrix": [
        -0.8037217275069011,
        0.32542471458654787,
        -0.49812663035576255,
        0.0,
        -0.49159664455698515,
        0.10846007986535089,
        0.8640423312175827,
        0.0,
        0.3352075831386214,
        0.9393269751326561,
        0.07280597499174524,
        0.0,
        72.65357971191406,
        -7.096620082855225,
        36.880088806152344,
        1.0
      ],
      "name": "HI (52)"
    },
    {
      "name": "Object_108"
    },
    {
      "children": [
        110
      ],
      "matrix": [
        -0.8065288004113782,
        0.3231170681867722,
        -0.4950824722744364,
        0.0,
        -0.4957634711196105,
        0.08656161288750774,
        0.8641328994302604,
        0.0,
        0.32207122630005064,
        0.9423918757187468,
        0.09037520549843037,
        0.0,
        74.07546997070313,
        -6.102435111999512,
        37.519386291503906,
        1.0
      ],
      "name": "HI (53)"
    },
    {
      "name": "Object_110"
    },
    {
      "children": [
        112
      ],
      "matrix": [
        -0.802541725162208,
        0.3171351573856413,
        -0.5053237292307297,
        0.0,
        -0.5079140781648597,
        0.08113944450428756,
        0.8575777980728492,
        0.0,
        0.3129697566468812,
        0.9449030016332471,
        0.09595962134602132,
        0.0,
        73.6328353881836,
        -5.353579044342041,
        37.92600631713867,
        1.0
      ],
      "name": "HI (54)"
    },
    {
      "name": "Object_112"
    },
    {
      "children": [
        114
      ],
      "matrix": [
        -0.8172627571964588,
        0.2415111679997327,
        -0.5232150049750555,
        0.0,
        -0.531747064429896,
        0.033873475866936564,
        0.846225529692221,
        0.0,
        0.22209602691140243,
        0.9698066525674574,
        0.10073932432805288,
        0.0,
        69.98930358886719,
        -2.492988109588623,
        38.05262756347656,
        1.0
      ],
      "name": "HI (55)"
    },
    {
      "name": "Object_114"
    },
    {
      "children": [
        116
      ],
      "matrix": [
        -0.8232342603529716,
        0.18523765740725248,
        -0.5366305645966964,
        0.0,
        -0.543875823373325,
        0.013632907612646683,
        0.8390549639803181,
        0.0,
        0.16274041087290997,
        0.9825991828351469,
        0.08952320682715764,
        0.0,
        66.9670181274414,
        -0.910284161567688,
        38.05682373046875,
        1.0
      ],
      "name": "HI (56)"
    },
    {
      "name": "Object_116"
    },
    {
      "children": [
        118
      ],
      "matrix": [
        -0.8308656673255492,
        0.14867964020133134,
        -0.536243048858698,
        0.0,
        -0.5412873712966493,
        0.007651302709315799,
        0.8408028539685232,
        0.0,
        0.1291132237008768,
        0.9888558146446088,
        0.07412120687842494,
        0.0,
        66.68486785888672,
        0.1933487504720688,
        38.100860595703125,
        1.0
      ],
      "name": "HI (57)"
    },
    {
      "name": "Object_118"
    },
    {
      "children": [
        120
      ],
      "matrix": [
        -0.8315103539432767,
        0.06214639269404687,
        -0.5520220622042602,
        0.0,
        -0.5549783634030931,
        -0.04950017701786891,
        0.8303907204621351,
        0.0,
        0.02428059800645238,
        0.9968387825272033,
        0.07564981302113127,
        0.0,
        69.17029571533203,
        7.119813442230225,
        37.876556396484375,
        1.0
      ],
      "name": "HI (58)"
    },
    {
      "name": "Object_120"
    },
    {
      "children": [
        122
      ],
      "matrix": [
        -0.8347144565538425,
        0.04350764731731127,
        -0.5489616203751733,
        0.0,
        -0.5506710163085049,
        -0.05936768526429925,
        0.8326084972807553,
        0.0,
        0.0036342561524746464,
        0.9972876027361774,
        0.0735134655076648,
        0.0,
        69.92250061035156,
        8.207408905029297,
        38.006629943847656,
        1.0
      ],
      "name": "HI (59)"
    },
    {
      "name": "Object_122"
    },
    {
      "children": [
        124
      ],
      "matrix": [
        -0.8366178321739288,
        0.03433302367552504,
        -0.546710020370847,
        0.0,
        -0.547758057974893,
        -0.06269305938689085,
        0.834284537929528,
        0.0,
        -0.005631412981658812,
        0.9974421405725787,
        0.07125632180952335,
        0.0,
        70.24105834960938,
        8.658670425415039,
        38.03038024902344,
        1.0
      ],
      "name": "HI (60)"
    },
    {
      "name": "Object_124"
    },
    {
      "children": [
        126
      ],
      "matrix": [
        -0.8475383309294962,
        0.006353284607687137,
        -0.5306961591908663,
        0.0,
        -0.5291596473630269,
        -0.08708173204612724,
        0.8440419655126654,
        0.0,
        -0.040851501904834386,
        0.9961809111394075,
        0.07716700767542517,
        0.0,
        72.50994110107422,
        13.148740768432617,
        38.59528732299805,
        1.0
      ],
      "name": "HI (61)"
    },
    {
      "name": "Object_126"
    },
    {
      "children": [
        128
      ],
      "matrix": [
        -0.8479643464197681,
        -0.00577388243157595,
        -0.5300218198174127,
        0.0,
        -0.5276655198501435,
        -0.08561034011662727,
        0.8451271909164877,
        0.0,
        -0.05025501330388224,
        0.9963119651729482,
        0.06954783742895854,
        0.0,
        72.0393295288086,
        13.834675788879395,
        38.64731216430664,
        1.0
      ],
      "name": "HI (62)"
    },
    {
      "name": "Object_128"
    },
    {
      "children": [
        130
      ],
      "matrix": [
        -0.8388677721712829,
        -0.09156341070868565,
        -0.5365789807957272,
        0.0,
        -0.5254984378535918,
        -0.12085248435225449,
        0.8421674826537313,
        0.0,
        -0.14195862998008768,
        0.9884385761620602,
        0.05326282501797919,
        0.0,
        67.6470947265625,
        17.076499938964844,
        39.0128288269043,
        1.0
      ],
      "name": "HI (63)"
    },
    {
      "name": "Object_130"
    },
    {
      "children": [
        132
      ],
      "matrix": [
        -0.8367177548969109,
        -0.09820157982867567,
        -0.5387576898378577,
        0.0,
        -0.5260317606942899,
        -0.12946846969446346,
        0.8405524981200396,
        0.0,
        -0.15229571688375962,
        0.9867088552729859,
        0.05667141735245085,
